0 0.35078125000000004 0.6546875000000001 0.37343750000000003 0.275
0 0.81953125 0.821875 0.2859375 0.23750000000000002
0 0.6609375000000001 0.48046875 0.19062500000000002 0.11093750000000001
0 0.43281250000000004 0.36250000000000004 0.1875 0.140625
0 0.23046875 0.18359375 0.2265625 0.1171875
0 0.5593750000000001 0.1921875 0.215625 0.1125
0 0.9078125 0.22812500000000002 0.18125000000000002 0.109375
0 0.7484375000000001 0.13593750000000002 0.1625 0.1
0 0.6890625 0.0328125 0.15625 0.059375000000000004
0 0.22812500000000002 0.055468750000000004 0.171875 0.07968750000000001
