0 0.51796875 0.8734375000000001 0.1640625 0.15937500000000002
0 0.7523437500000001 0.7312500000000001 0.1296875 0.1125
0 0.83359375 0.5265625 0.1859375 0.06875
0 0.51796875 0.47187500000000004 0.11406250000000001 0.0625
0 0.34453125 0.5234375 0.08281250000000001 0.06875
0 0.82578125 0.41875 0.0859375 0.03125
0 0.4625 0.36875 0.053125000000000006 0.028125
0 0.7015625000000001 0.31562500000000004 0.115625 0.059375000000000004
0 0.42890625000000004 0.28984375 0.0859375 0.0203125
0 0.43125 0.171875 0.215625 0.037500000000000006
0 0.28984375 0.21328125 0.0671875 0.0203125
