0 0.5671875000000001 0.8671875 0.25 0.240625
0 0.51953125 0.6468750000000001 0.1296875 0.11875000000000001
0 0.28046875 0.6359375 0.0921875 0.078125
0 0.09921875000000001 0.74140625 0.1265625 0.1015625
0 0.44453125000000004 0.50625 0.1328125 0.059375000000000004
0 0.42109375000000004 0.40937500000000004 0.11406250000000001 0.05625
0 0.23984375000000002 0.47500000000000003 0.0890625 0.059375000000000004
0 0.31953125000000004 0.37812500000000004 0.1390625 0.053125000000000006
0 0.19140625 0.46171875 0.11406250000000001 0.0859375
0 0.37031250000000004 0.3375 0.1 0.03125
