0 0.43984375000000003 0.67890625 0.31093750000000003 0.2859375
0 0.69921875 0.9265625000000001 0.17343750000000002 0.140625
0 0.08281250000000001 0.9 0.109375 0.2
0 0.078125 0.58984375 0.15625 0.1796875
0 0.7390625000000001 0.32109375 0.14375000000000002 0.0671875
0 0.628125 0.23593750000000002 0.21875 0.10625000000000001
0 0.921875 0.33515625000000004 0.13125 0.20468750000000002
0 0.55234375 0.40156250000000004 0.0765625 0.053125000000000006
0 0.1265625 0.42500000000000004 0.0625 0.053125000000000006
0 0.34375 0.34453125 0.053125000000000006 0.06406250000000001
0 0.4453125 0.40703125 0.059375000000000004 0.0421875
0 0.2515625 0.534375 0.078125 0.06875
0 0.2328125 0.37421875000000004 0.0625 0.0421875
0 0.23671875 0.31953125000000004 0.045312500000000006 0.026562500000000003
0 0.026562500000000003 0.403125 0.053125000000000006 0.05
0 0.5 0.1796875 0.12187500000000001 0.046875
0 0.8109375000000001 0.15546875000000002 0.1 0.06406250000000001
0 0.47265625 0.3328125 0.06406250000000001 0.040625
0 0.6351562500000001 0.10078125 0.1640625 0.0765625
0 0.5953125 0.15156250000000002 0.09375 0.034375
0 0.6859375000000001 0.1625 0.059375000000000004 0.034375
0 0.45625000000000004 0.28125 0.053125000000000006 0.025
