0 0.65 0.68359375 0.371875 0.2703125
0 0.16796875 0.7898437500000001 0.2859375 0.23593750000000002
0 0.353125 0.46718750000000003 0.19375 0.1125
0 0.5921875 0.37343750000000003 0.184375 0.146875
0 0.80625 0.21796875000000002 0.22812500000000002 0.11406250000000001
0 0.47734375 0.19296875000000002 0.2171875 0.11093750000000001
0 0.1265625 0.18984375 0.18125000000000002 0.1046875
0 0.29375 0.1125 0.16562500000000002 0.09062500000000001
0 0.36250000000000004 0.025 0.15937500000000002 0.043750000000000004
0 0.8187500000000001 0.09140625000000001 0.171875 0.08281250000000001
