0 0.0328125 0.5593750000000001 0.059375000000000004 0.115625
0 0.17890625000000002 0.5476562500000001 0.2078125 0.1296875
0 0.31640625 0.40078125000000003 0.08281250000000001 0.17343750000000002
0 0.34765625 0.61875 0.0734375 0.096875
0 0.4453125 0.5945312500000001 0.109375 0.09531250000000001
0 0.5640625 0.91953125 0.06875 0.1328125
0 0.64765625 0.9656250000000001 0.060937500000000006 0.0625
0 0.7000000000000001 0.87890625 0.059375000000000004 0.15781250000000002
0 0.8500000000000001 0.4375 0.08750000000000001 0.140625
0 0.9710937500000001 0.9085937500000001 0.0578125 0.0921875
0 0.765625 0.5609375 0.05625 0.07187500000000001
0 0.014843750000000001 0.31093750000000003 0.026562500000000003 0.053125000000000006
0 0.07109375 0.28828125 0.026562500000000003 0.051562500000000004
