0 0.43359375 0.6578125 0.3140625 0.278125
0 0.6640625 0.92890625 0.171875 0.1390625
0 0.0578125 0.8765625 0.115625 0.246875
0 0.08359375000000001 0.5421875 0.16718750000000002 0.171875
0 0.7609375 0.33671875 0.1375 0.0703125
0 0.659375 0.24531250000000002 0.22187500000000002 0.08750000000000001
0 0.9390625 0.37421875000000004 0.12187500000000001 0.20468750000000002
0 0.5710937500000001 0.4 0.0765625 0.05
0 0.1484375 0.384375 0.065625 0.05
0 0.37031250000000004 0.32578125 0.05625 0.060937500000000006
0 0.46406250000000004 0.39609375 0.059375000000000004 0.0390625
0 0.26171875 0.5046875000000001 0.07968750000000001 0.0625
0 0.2578125 0.3453125 0.0625 0.037500000000000006
0 0.26640625 0.2921875 0.0484375 0.025
0 0.041406250000000006 0.35625 0.0765625 0.053125000000000006
0 0.5375 0.178125 0.12187500000000001 0.05
0 0.8460937500000001 0.1859375 0.09843750000000001 0.0625
0 0.49765625 0.32578125 0.0671875 0.035937500000000004
0 0.675 0.11328125 0.1625 0.0671875
0 0.634375 0.1609375 0.09375 0.028125
0 0.721875 0.17890625000000002 0.05625 0.035937500000000004
0 0.4859375 0.275 0.053125000000000006 0.025
