0 0.05234375 0.509375 0.0703125 0.109375
0 0.19921875 0.50390625 0.19843750000000002 0.1203125
0 0.3375 0.37890625 0.08125 0.1609375
0 0.35000000000000003 0.584375 0.065625 0.09375
0 0.44453125000000004 0.5671875000000001 0.09843750000000001 0.09375
0 0.5320312500000001 0.878125 0.060937500000000006 0.125
0 0.6062500000000001 0.93125 0.05625 0.06875
0 0.66015625 0.84921875 0.051562500000000004 0.1484375
0 0.8343750000000001 0.446875 0.078125 0.134375
0 0.984375 0.9203125000000001 0.03125 0.109375
0 0.91328125 0.8914062500000001 0.0546875 0.0859375
0 0.7453125 0.5554687500000001 0.05625 0.0671875
0 0.057031250000000006 0.27734375 0.029687500000000002 0.0484375
0 0.11406250000000001 0.2609375 0.025 0.046875
