0 0.9789062500000001 0.5625 0.0421875 0.109375
0 0.8421875000000001 0.546875 0.20625000000000002 0.12812500000000002
0 0.71015625 0.39687500000000003 0.0859375 0.171875
0 0.6734375 0.6117187500000001 0.07500000000000001 0.09531250000000001
0 0.57734375 0.5859375 0.11093750000000001 0.09062500000000001
0 0.44921875 0.90546875 0.0703125 0.1296875
0 0.36562500000000003 0.95078125 0.059375000000000004 0.0671875
0 0.31562500000000004 0.8617187500000001 0.0625 0.1546875
0 0.1796875 0.42109375000000004 0.09062500000000001 0.1390625
0 0.04609375 0.884375 0.0578125 0.09062500000000001
0 0.26015625000000003 0.54453125 0.0578125 0.0703125
0 0.95703125 0.290625 0.026562500000000003 0.05
