0 0.5125000000000001 0.8695312500000001 0.246875 0.2546875
0 0.49453125000000003 0.6375000000000001 0.1328125 0.115625
0 0.2671875 0.596875 0.09375 0.06875
0 0.07968750000000001 0.6742187500000001 0.13125 0.0859375
0 0.44062500000000004 0.49140625000000004 0.13125 0.051562500000000004
0 0.43125 0.39296875000000003 0.1125 0.0484375
0 0.24765625000000002 0.43359375 0.0921875 0.0484375
0 0.3359375 0.3515625 0.1375 0.040625
0 0.203125 0.41328125000000004 0.11875000000000001 0.0703125
0 0.38984375000000004 0.31796875 0.09843750000000001 0.026562500000000003
