0 0.8453125 0.7828125 0.29375 0.36562500000000003
0 0.46875 0.821875 0.34375 0.3375
0 0.08828125 0.7046875 0.1765625 0.20625000000000002
0 0.69296875 0.27734375 0.2328125 0.1390625
0 0.49843750000000003 0.49609375 0.07187500000000001 0.0546875
0 0.6039062500000001 0.48984375 0.0671875 0.0703125
0 0.9625 0.4140625 0.0625 0.16875
0 0.8070312500000001 0.38671875 0.1484375 0.11406250000000001
0 0.38359375 0.3953125 0.06406250000000001 0.07187500000000001
0 0.91953125 0.1921875 0.1390625 0.11875000000000001
0 0.55703125 0.19062500000000002 0.1265625 0.06875
0 0.5242187500000001 0.38828125 0.0703125 0.0546875
0 0.1453125 0.4890625 0.07500000000000001 0.059375000000000004
0 0.03125 0.46640625 0.0625 0.0578125
0 0.26640625 0.43125 0.060937500000000006 0.05625
