0 0.56484375 0.8296875 0.1765625 0.16562500000000002
0 0.5625 0.50234375 0.1625 0.09531250000000001
0 0.11015625000000001 0.7585937500000001 0.0765625 0.07968750000000001
0 0.39453125 0.4265625 0.0859375 0.043750000000000004
0 0.6414062500000001 0.40468750000000003 0.1265625 0.05
0 0.53828125 0.37109375 0.1296875 0.0484375
0 0.6531250000000001 0.33125000000000004 0.09375 0.028125
0 0.59609375 0.30234375 0.0703125 0.029687500000000002
0 0.46953125 0.33515625000000004 0.0546875 0.026562500000000003
0 0.3984375 0.37890625 0.06875 0.0328125
0 0.35703125 0.3484375 0.0578125 0.03125
