0 0.8265625000000001 0.8054687500000001 0.34687500000000004 0.38906250000000003
0 0.4390625 0.7992187500000001 0.321875 0.3328125
0 0.0859375 0.6625000000000001 0.16875 0.19062500000000002
0 0.6585937500000001 0.30234375 0.2171875 0.1171875
0 0.47265625 0.49296875 0.0671875 0.051562500000000004
0 0.5710937500000001 0.49296875 0.06406250000000001 0.06406250000000001
0 0.9359375000000001 0.46015625000000004 0.11875000000000001 0.2484375
0 0.76171875 0.4109375 0.13593750000000002 0.10625000000000001
0 0.36875 0.39375000000000004 0.059375000000000004 0.065625
0 0.8703125 0.23828125 0.13125 0.11406250000000001
0 0.53359375 0.215625 0.1171875 0.065625
0 0.49843750000000003 0.3953125 0.065625 0.046875
0 0.146875 0.465625 0.06875 0.053125000000000006
0 0.035937500000000004 0.43671875000000004 0.07187500000000001 0.051562500000000004
0 0.26015625000000003 0.41953125 0.0546875 0.051562500000000004
