0 0.46406250000000004 0.87265625 0.19375 0.18906250000000002
0 0.37890625 0.51796875 0.1703125 0.1171875
0 0.9375 0.6507812500000001 0.09375 0.0734375
0 0.54296875 0.384375 0.0921875 0.046875
0 0.26953125 0.4421875 0.13593750000000002 0.07187500000000001
0 0.371875 0.36640625000000004 0.14375000000000002 0.0546875
0 0.2390625 0.36796875 0.1 0.051562500000000004
0 0.2921875 0.31640625 0.07500000000000001 0.0390625
0 0.43828125 0.31093750000000003 0.0578125 0.034375
0 0.5265625 0.33828125000000003 0.07187500000000001 0.0421875
0 0.56171875 0.2921875 0.0671875 0.03125
