0 0.59765625 0.6468750000000001 0.3359375 0.284375
0 0.40546875000000004 0.9437500000000001 0.1640625 0.1125
0 0.9703125 0.83515625 0.059375000000000004 0.2421875
0 0.9265625000000001 0.49453125000000003 0.146875 0.17343750000000002
0 0.2171875 0.35703125 0.1375 0.07968750000000001
0 0.30781250000000004 0.2515625 0.23750000000000002 0.07500000000000001
0 0.05078125 0.43046875 0.09843750000000001 0.1921875
0 0.421875 0.403125 0.08125 0.05
0 0.8539062500000001 0.33828125000000003 0.0703125 0.0484375
0 0.6179687500000001 0.30312500000000003 0.06406250000000001 0.0625
0 0.53046875 0.38828125 0.06406250000000001 0.0390625
0 0.753125 0.4765625 0.08750000000000001 0.059375000000000004
0 0.7359375 0.309375 0.065625 0.037500000000000006
0 0.7210937500000001 0.25546875 0.051562500000000004 0.0234375
0 0.95078125 0.29296875 0.060937500000000006 0.045312500000000006
0 0.42734375 0.16953125000000002 0.1234375 0.060937500000000006
0 0.1078125 0.21250000000000002 0.1 0.06875
0 0.4859375 0.31875000000000003 0.07187500000000001 0.034375
0 0.278125 0.12421875 0.16875 0.0734375
0 0.32265625000000003 0.16328125000000002 0.09843750000000001 0.026562500000000003
0 0.23593750000000002 0.19140625 0.05625 0.0390625
0 0.4921875 0.26406250000000003 0.053125000000000006 0.03125
