0 0.509375 0.8609375 0.240625 0.246875
0 0.51328125 0.6335937500000001 0.1296875 0.1078125
0 0.7273437500000001 0.5750000000000001 0.0921875 0.059375000000000004
0 0.91015625 0.63203125 0.1265625 0.0734375
0 0.55625 0.48828125 0.125 0.0484375
0 0.56015625 0.39296875000000003 0.1078125 0.0421875
0 0.7375 0.415625 0.09062500000000001 0.040625
0 0.6484375 0.34765625 0.13125 0.0328125
0 0.77890625 0.39375000000000004 0.1171875 0.059375000000000004
0 0.5945312500000001 0.3203125 0.09531250000000001 0.028125
