0 0.43515625 0.8343750000000001 0.1953125 0.178125
0 0.453125 0.4765625 0.18125000000000002 0.10312500000000001
0 0.9382812500000001 0.77109375 0.08281250000000001 0.0890625
0 0.640625 0.39687500000000003 0.09375 0.046875
0 0.37031250000000004 0.36562500000000003 0.140625 0.053125000000000006
0 0.48515625 0.33203125 0.1421875 0.0546875
0 0.3609375 0.28359375000000003 0.10312500000000001 0.029687500000000002
0 0.42578125 0.2546875 0.0765625 0.03125
0 0.56171875 0.29453125 0.060937500000000006 0.029687500000000002
0 0.63828125 0.3453125 0.0765625 0.034375
0 0.68515625 0.31171875000000004 0.06406250000000001 0.035937500000000004
