0 0.5515625000000001 0.8757812500000001 0.171875 0.1640625
0 0.28203125 0.78125 0.1203125 0.125
0 0.1625 0.6023437500000001 0.178125 0.09843750000000001
0 0.465625 0.47500000000000003 0.109375 0.07187500000000001
0 0.6484375 0.48984375 0.084375 0.0734375
0 0.1484375 0.48984375 0.08125 0.0421875
0 0.5007812500000001 0.36171875000000003 0.051562500000000004 0.035937500000000004
0 0.25 0.3609375 0.10312500000000001 0.084375
0 0.5171875 0.27421875 0.08750000000000001 0.0328125
0 0.49062500000000003 0.15937500000000002 0.209375 0.078125
0 0.63984375 0.16796875 0.0671875 0.0234375
