0 0.85078125 0.7742187500000001 0.2984375 0.3921875
0 0.47500000000000003 0.8187500000000001 0.353125 0.35625
0 0.09062500000000001 0.69921875 0.14375000000000002 0.21406250000000002
0 0.66796875 0.2484375 0.23593750000000002 0.14375000000000002
0 0.48203125 0.47734375 0.0734375 0.0546875
0 0.5906250000000001 0.46875 0.06875 0.07187500000000001
0 0.9609375 0.38203125000000004 0.078125 0.1859375
0 0.7937500000000001 0.35859375000000004 0.15625 0.1171875
0 0.35859375000000004 0.3765625 0.06406250000000001 0.07500000000000001
0 0.9 0.15625 0.153125 0.12187500000000001
0 0.5234375 0.16171875000000002 0.13125 0.0703125
0 0.50234375 0.36640625000000004 0.0703125 0.0578125
0 0.11796875000000001 0.4765625 0.0765625 0.0625
0 0.01953125 0.45078125 0.0234375 0.051562500000000004
0 0.23984375000000002 0.41484375 0.060937500000000006 0.0578125
