0 0.5875 0.85078125 0.16562500000000002 0.16718750000000002
0 0.78515625 0.6492187500000001 0.13593750000000002 0.11093750000000001
0 0.82734375 0.42421875000000003 0.1921875 0.0703125
0 0.50390625 0.45234375000000004 0.1171875 0.060937500000000006
0 0.34296875000000004 0.5453125 0.08281250000000001 0.065625
0 0.7984375 0.32265625000000003 0.08750000000000001 0.029687500000000002
0 0.42890625000000004 0.36328125 0.0546875 0.0328125
0 0.65390625 0.25234375000000003 0.1265625 0.0390625
0 0.37812500000000004 0.29375 0.084375 0.028125
0 0.35781250000000003 0.18125000000000002 0.21875 0.05625
0 0.22578125000000002 0.25234375000000003 0.0671875 0.029687500000000002
