0 0.38984375000000004 0.7000000000000001 0.37031250000000004 0.27187500000000003
0 0.875 0.7781250000000001 0.25 0.240625
0 0.665625 0.4625 0.19687500000000002 0.115625
0 0.41171875 0.37890625 0.18281250000000002 0.15156250000000002
0 0.1765625 0.23515625 0.23125 0.1171875
0 0.50390625 0.18984375 0.2234375 0.11093750000000001
0 0.85859375 0.16718750000000002 0.18281250000000002 0.10312500000000001
0 0.68125 0.096875 0.16875 0.09062500000000001
0 0.6000000000000001 0.021875000000000002 0.15937500000000002 0.025
0 0.1484375 0.10625000000000001 0.17500000000000002 0.084375
